20220927-223215,  0.0,  0.0, 37.247094, 101.393946,   94.6,  102.1, -258.6
20220927-223215,  2.2, -5.7, 37.247114, 101.393895,   94.6,  102.1, -258.6
20220927-223215,  4.4, -11.2, 37.247134, 101.393846,   94.7,  102.1, -258.6
20220927-223215,  6.6, -16.7, 37.247153, 101.393796,   94.1,  102.1, -258.6
20220927-223215,  8.7, -22.0, 37.247172, 101.393748,   94.4,  102.1, -258.6
20220927-223215,  10.5, -26.7, 37.247189, 101.393706,   94.7,  102.1, -258.6
20220927-223215,  12.3, -31.3, 37.247205, 101.393665,   94.5,  102.1, -258.6
20220927-223215,  14.2, -36.0, 37.247222, 101.393622,   94.7,  102.1, -258.6
20220927-223215,  16.1, -40.8, 37.247239, 101.393579,   94.8,  102.1, -258.6
20220927-223215,  18.1, -45.7, 37.247257, 101.393535,   94.9,  102.1, -258.6
20220927-223215,  20.0, -50.7, 37.247274, 101.393490,   95.1,  102.1, -258.6
20220927-223215,  22.0, -55.6, 37.247292, 101.393446,   95.0,  102.1, -258.6
20220927-223215,  24.0, -60.7, 37.247310, 101.393400,   95.0,  102.1, -258.6
20220927-223215,  25.9, -65.7, 37.247327, 101.393355,   95.0,  102.1, -258.7
20220927-223215,  27.9, -70.7, 37.247345, 101.393311,   94.7,  102.1, -258.7
20220927-223215,  29.8, -75.6, 37.247363, 101.393266,   94.7,  102.1, -258.7
20220927-223215,  31.8, -80.6, 37.247380, 101.393221,   94.7,  102.1, -258.7
20220927-223215,  33.8, -85.5, 37.247398, 101.393177,   94.8,  102.1, -258.7
20220927-223215,  35.7, -90.5, 37.247415, 101.393132,   95.2,  102.1, -258.7
20220927-223215,  37.6, -95.2, 37.247432, 101.393090,   95.5,  102.1, -258.7
20220927-223215,  39.4, -99.9, 37.247449, 101.393048,   95.1,  102.1, -258.7
20220927-223215,  41.4, -105.0, 37.247467, 101.393002,   95.5,  102.1, -258.7
20220927-223215,  43.4, -110.0, 37.247485, 101.392957,   95.1,  102.1, -258.7
20220927-223215,  45.4, -114.9, 37.247502, 101.392913,   94.8,  102.1, -258.7
20220927-223215,  47.3, -119.9, 37.247520, 101.392868,   94.5,  102.1, -258.7
20220927-223215,  49.3, -124.8, 37.247537, 101.392823,   94.7,  102.1, -258.7
20220927-223215,  51.2, -129.8, 37.247555, 101.392779,   94.8,  102.1, -258.7
20220927-223215,  53.2, -134.7, 37.247573, 101.392734,   94.9,  102.1, -258.7
20220927-223215,  55.1, -139.7, 37.247590, 101.392690,   94.8,  102.1, -258.7
20220927-223215,  57.1, -144.6, 37.247608, 101.392645,   95.1,  102.1, -258.7
20220927-223215,  59.1, -149.7, 37.247626, 101.392600,   95.4,  102.1, -258.8
20220927-223215,  61.1, -154.7, 37.247644, 101.392554,   94.9,  102.1, -258.8
20220927-223216,  63.0, -159.7, 37.247661, 101.392510,   94.7,  102.1, -258.8
20220927-223216,  65.0, -164.6, 37.247679, 101.392465,   94.6,  102.1, -258.8
20220927-223216,  67.0, -169.6, 37.247696, 101.392420,   94.8,  102.1, -258.8
20220927-223216,  68.9, -174.6, 37.247714, 101.392376,   95.2,  102.1, -258.8
20220927-223216,  70.9, -179.6, 37.247732, 101.392331,   94.8,  102.1, -258.8
20220927-223216,  72.8, -184.5, 37.247749, 101.392287,   95.3,  102.1, -258.8
20220927-223216,  74.8, -189.5, 37.247767, 101.392242,   95.1,  102.1, -258.8
20220927-223216,  76.8, -194.6, 37.247785, 101.392196,   95.0,  102.1, -258.8
20220927-223216,  78.6, -199.3, 37.247802, 101.392154,   95.2,  102.1, -258.8
20220927-223216,  80.5, -204.0, 37.247818, 101.392111,   95.4,  102.1, -258.8
20220927-223216,  82.5, -209.0, 37.247836, 101.392067,   95.2,  102.1, -258.8
20220927-223216,  84.4, -213.9, 37.247853, 101.392022,   95.2,  102.1, -258.8
20220927-223216,  86.4, -218.8, 37.247871, 101.391978,   94.8,  102.1, -258.8
20220927-223216,  88.3, -223.8, 37.247888, 101.391933,   94.8,  102.1, -258.8
20220927-223216,  90.3, -228.7, 37.247906, 101.391889,   94.8,  102.1, -258.8
20220927-223216,  92.2, -233.7, 37.247924, 101.391844,   94.5,  102.1, -258.9
20220927-223216,  94.2, -238.8, 37.247942, 101.391798,   94.5,  102.1, -258.9
20220927-223216,  96.2, -243.9, 37.247960, 101.391753,   94.6,  102.1, -258.9
20220927-223216,  98.2, -248.9, 37.247978, 101.391707,   94.8,  102.1, -258.9
20220927-223216,  100.3, -254.1, 37.247996, 101.391661,   95.0,  102.1, -258.9
20220927-223216,  0.0,  0.0, 37.247094, 101.393946,   94.7,  21.1, -53.6
20220927-223216,  0.5, -1.2, 37.247098, 101.393936,   94.6,  21.1, -53.6
20220927-223216,  0.9, -2.2, 37.247102, 101.393926,   94.6,  21.1, -53.6
20220927-223216,  1.3, -3.3, 37.247106, 101.393916,   94.5,  21.1, -53.6
20220927-223216,  1.7, -4.4, 37.247110, 101.393906,   94.6,  21.1, -53.6
20220927-223216,  2.2, -5.5, 37.247114, 101.393897,   94.9,  21.1, -53.6
20220927-223216,  2.6, -6.5, 37.247117, 101.393888,   95.0,  21.1, -53.6
20220927-223216,  3.0, -7.5, 37.247121, 101.393878,   94.4,  21.1, -53.6
20220927-223216,  3.4, -8.5, 37.247125, 101.393869,   94.5,  21.1, -53.6
20220927-223216,  3.8, -9.6, 37.247128, 101.393860,   94.8,  21.1, -53.6
20220927-223216,  4.2, -10.6, 37.247132, 101.393850,   94.9,  21.1, -53.7
20220927-223216,  4.7, -12.1, 37.247137, 101.393838,   95.0,  21.1, -53.7
20220927-223216,  5.2, -13.1, 37.247141, 101.393828,   94.9,  21.1, -53.7
20220927-223216,  5.6, -14.1, 37.247144, 101.393819,   95.0,  21.1, -53.7
20220927-223216,  6.0, -15.2, 37.247148, 101.393809,   94.8,  21.1, -53.7
20220927-223216,  6.4, -16.3, 37.247152, 101.393800,   94.7,  21.1, -53.7
20220927-223216,  6.8, -17.3, 37.247155, 101.393791,   94.8,  21.1, -53.7
20220927-223216,  7.2, -18.3, 37.247159, 101.393782,   94.8,  21.1, -53.7
20220927-223216,  7.6, -19.3, 37.247163, 101.393773,   94.9,  21.1, -53.7
20220927-223216,  8.0, -20.3, 37.247166, 101.393764,   95.1,  21.1, -53.7
20220927-223216,  8.4, -21.3, 37.247170, 101.393755,   95.0,  21.1, -53.7
20220927-223216,  8.8, -22.3, 37.247173, 101.393746,   94.6,  21.1, -53.7
20220927-223216,  9.1, -23.2, 37.247177, 101.393737,   94.6,  21.1, -53.7
20220927-223216,  9.6, -24.3, 37.247180, 101.393728,   94.9,  21.1, -53.7
20220927-223216,  10.0, -25.3, 37.247184, 101.393718,   95.0,  21.1, -53.7
20220927-223216,  10.4, -26.4, 37.247188, 101.393709,   95.3,  21.1, -53.7
20220927-223216,  10.8, -27.4, 37.247191, 101.393700,   95.4,  21.1, -53.7
20220927-223216,  11.2, -28.4, 37.247195, 101.393690,   95.0,  21.1, -53.8
20220927-223216,  11.6, -29.5, 37.247199, 101.393681,   94.9,  21.1, -53.8
20220927-223216,  12.0, -30.5, 37.247202, 101.393672,   94.3,  21.1, -53.8
20220927-223216,  12.4, -31.6, 37.247206, 101.393662,   94.4,  21.1, -53.8
20220927-223217,  12.8, -32.6, 37.247210, 101.393653,   94.7,  21.1, -53.8
20220927-223217,  13.2, -33.6, 37.247213, 101.393643,   94.8,  21.1, -53.8
20220927-223217,  13.6, -34.7, 37.247217, 101.393634,   94.8,  21.1, -53.8
20220927-223217,  14.0, -35.7, 37.247221, 101.393625,   94.6,  21.1, -53.8
20220927-223217,  14.5, -36.8, 37.247224, 101.393615,   94.6,  21.1, -53.8
20220927-223217,  14.8, -37.7, 37.247228, 101.393607,   94.5,  21.1, -53.8
20220927-223217,  15.2, -38.7, 37.247231, 101.393598,   94.6,  21.1, -53.8
20220927-223217,  15.6, -39.7, 37.247235, 101.393589,   95.0,  21.1, -53.8
20220927-223217,  16.0, -40.7, 37.247238, 101.393580,   94.9,  21.1, -53.8
20220927-223217,  16.4, -41.7, 37.247242, 101.393571,   95.0,  21.1, -53.8
20220927-223217,  16.8, -42.7, 37.247245, 101.393562,   94.9,  21.1, -53.8
20220927-223217,  17.2, -43.8, 37.247249, 101.393552,   94.7,  21.1, -53.8
20220927-223217,  17.6, -44.8, 37.247253, 101.393543,   94.5,  21.1, -53.8
20220927-223217,  18.0, -45.8, 37.247256, 101.393534,   94.3,  21.1, -53.8
20220927-223217,  18.4, -46.9, 37.247260, 101.393524,   94.8,  21.1, -53.9
20220927-223217,  18.8, -47.9, 37.247264, 101.393515,   94.7,  21.1, -53.9
20220927-223217,  19.2, -49.0, 37.247267, 101.393506,   95.1,  21.1, -53.9
20220927-223217,  19.6, -50.0, 37.247271, 101.393497,   94.9,  21.1, -53.9
20220927-223217,  20.0, -50.9, 37.247274, 101.393488,   94.8,  21.1, -53.9
20220927-223217,  20.4, -52.0, 37.247278, 101.393478,   94.9,  21.1, -53.9
20220927-223217,  0.0,  0.0, 37.247094, 101.393946,   94.7,  4.4, -11.4
20220927-223217,  0.1, -0.2, 37.247095, 101.393944,   94.4,  4.4, -11.4
20220927-223217,  0.2, -0.5, 37.247096, 101.393942,   94.4,  4.4, -11.4
20220927-223217,  0.3, -0.7, 37.247097, 101.393940,   94.4,  4.4, -11.4
20220927-223217,  0.3, -0.9, 37.247097, 101.393938,   94.5,  4.4, -11.4
20220927-223217,  0.4, -1.1, 37.247098, 101.393936,   94.1,  4.4, -11.4
20220927-223217,  0.5, -1.3, 37.247099, 101.393934,   94.6,  4.4, -11.4
20220927-223217,  0.6, -1.5, 37.247100, 101.393932,   94.3,  4.4, -11.4
20220927-223217,  0.7, -1.8, 37.247100, 101.393930,   94.2,  4.4, -11.4
20220927-223217,  0.8, -1.9, 37.247101, 101.393928,   94.2,  4.4, -11.4
20220927-223217,  0.8, -2.1, 37.247102, 101.393927,   94.1,  4.4, -11.4
20220927-223217,  0.9, -2.3, 37.247102, 101.393925,   94.0,  4.4, -11.4
20220927-223217,  1.0, -2.5, 37.247103, 101.393923,   94.3,  4.4, -11.4
20220927-223217,  1.1, -2.7, 37.247104, 101.393921,   94.2,  4.4, -11.5
20220927-223217,  1.1, -2.9, 37.247105, 101.393920,   94.4,  4.4, -11.5
20220927-223217,  1.2, -3.1, 37.247105, 101.393918,   94.4,  4.4, -11.5
20220927-223217,  1.3, -3.3, 37.247106, 101.393916,   94.2,  4.4, -11.5
20220927-223217,  1.4, -3.5, 37.247107, 101.393914,   94.4,  4.4, -11.5
20220927-223217,  1.4, -3.7, 37.247107, 101.393912,   94.8,  4.4, -11.5
20220927-223217,  1.5, -3.9, 37.247108, 101.393911,   94.9,  4.4, -11.5
20220927-223217,  1.6, -4.1, 37.247109, 101.393909,   95.0,  4.4, -11.5
20220927-223217,  1.7, -4.3, 37.247109, 101.393907,   94.6,  4.4, -11.5
20220927-223217,  1.8, -4.5, 37.247110, 101.393905,   94.7,  4.4, -11.5
20220927-223217,  1.8, -4.7, 37.247111, 101.393904,   95.0,  4.4, -11.5
20220927-223217,  1.9, -4.9, 37.247111, 101.393902,   94.8,  4.4, -11.5
20220927-223217,  2.0, -5.1, 37.247112, 101.393900,   95.1,  4.4, -11.5
20220927-223217,  2.1, -5.3, 37.247113, 101.393898,   94.9,  4.4, -11.5
20220927-223217,  2.1, -5.5, 37.247113, 101.393897,   95.1,  4.4, -11.5
20220927-223217,  2.2, -5.7, 37.247114, 101.393895,   94.8,  4.4, -11.5
20220927-223217,  2.3, -5.9, 37.247115, 101.393893,   94.6,  4.4, -11.5
20220927-223217,  2.4, -6.1, 37.247115, 101.393891,   94.3,  4.4, -11.5
20220927-223217,  2.4, -6.3, 37.247116, 101.393890,   94.5,  4.4, -11.5
20220927-223217,  2.5, -6.5, 37.247117, 101.393888,   94.7,  4.4, -11.6
20220927-223217,  2.6, -6.7, 37.247117, 101.393886,   94.6,  4.4, -11.6
20220927-223217,  2.7, -6.9, 37.247118, 101.393884,   94.6,  4.4, -11.6
20220927-223218,  2.7, -7.1, 37.247119, 101.393882,   94.3,  4.4, -11.6
20220927-223218,  2.8, -7.3, 37.247120, 101.393881,   94.3,  4.4, -11.6
20220927-223218,  2.9, -7.5, 37.247120, 101.393879,   94.5,  4.4, -11.6
20220927-223218,  3.0, -7.6, 37.247121, 101.393877,   94.6,  4.4, -11.6
20220927-223218,  3.0, -7.8, 37.247122, 101.393875,   94.7,  4.4, -11.6
20220927-223218,  3.1, -8.0, 37.247122, 101.393874,   94.6,  4.4, -11.6
20220927-223218,  3.2, -8.2, 37.247123, 101.393872,   94.7,  4.4, -11.6
20220927-223218,  3.3, -8.4, 37.247124, 101.393870,   94.8,  4.4, -11.6
20220927-223218,  3.3, -8.6, 37.247124, 101.393868,   95.0,  4.4, -11.6
20220927-223218,  3.4, -8.8, 37.247125, 101.393867,   94.9,  4.4, -11.6
20220927-223218,  3.5, -9.0, 37.247126, 101.393865,   95.1,  4.4, -11.6
20220927-223218,  3.6, -9.2, 37.247126, 101.393863,   94.9,  4.4, -11.6
20220927-223218,  3.6, -9.4, 37.247127, 101.393861,   94.5,  4.4, -11.6
20220927-223218,  3.7, -9.6, 37.247128, 101.393859,   94.6,  4.4, -11.6
20220927-223218,  3.8, -9.9, 37.247128, 101.393857,   94.7,  4.4, -11.6
20220927-223218,  3.9, -10.1, 37.247129, 101.393855,   94.4,  4.4, -11.6
20220927-223218,  4.0, -10.3, 37.247130, 101.393853,   94.2,  4.4, -11.7
20220927-223218,  4.0, -10.5, 37.247131, 101.393851,   94.3,  4.4, -11.7
20220927-223218,  4.1, -10.8, 37.247131, 101.393849,   94.2,  4.4, -11.7
20220927-223218,  4.2, -11.0, 37.247132, 101.393847,   94.1,  4.4, -11.7
20220927-223218,  4.3, -11.2, 37.247133, 101.393845,   94.1,  4.4, -11.7
20220927-223218,  4.4, -11.4, 37.247134, 101.393843,   94.3,  4.4, -11.7
20220927-223218,  0.0,  0.0, 37.247094, 101.393946,   94.3,  0.9, -2.4
20220927-223218,  0.0, -0.1, 37.247094, 101.393946,   94.4,  0.9, -2.4
20220927-223218,  0.0, -0.1, 37.247095, 101.393945,   94.5,  0.9, -2.4
20220927-223218,  0.1, -0.2, 37.247095, 101.393945,   94.5,  0.9, -2.4
20220927-223218,  0.1, -0.2, 37.247095, 101.393944,   94.5,  0.9, -2.4
20220927-223218,  0.1, -0.3, 37.247095, 101.393944,   94.9,  0.9, -2.4
20220927-223218,  0.1, -0.3, 37.247095, 101.393943,   94.9,  0.9, -2.4
20220927-223218,  0.1, -0.3, 37.247095, 101.393943,   95.2,  0.9, -2.4
20220927-223218,  0.1, -0.4, 37.247096, 101.393943,   94.6,  0.9, -2.4
20220927-223218,  0.2, -0.4, 37.247096, 101.393942,   94.1,  0.9, -2.4
20220927-223218,  0.2, -0.5, 37.247096, 101.393942,   94.3,  0.9, -2.4
20220927-223218,  0.2, -0.5, 37.247096, 101.393941,   94.4,  0.9, -2.4
20220927-223218,  0.2, -0.6, 37.247096, 101.393941,   94.6,  0.9, -2.4
20220927-223218,  0.2, -0.6, 37.247096, 101.393940,   94.6,  0.9, -2.4
20220927-223218,  0.2, -0.7, 37.247096, 101.393940,   94.2,  0.9, -2.5
20220927-223218,  0.3, -0.7, 37.247097, 101.393940,   94.5,  0.9, -2.5
20220927-223218,  0.3, -0.8, 37.247097, 101.393939,   94.1,  0.9, -2.5
20220927-223218,  0.3, -0.8, 37.247097, 101.393939,   94.3,  0.9, -2.5
20220927-223218,  0.3, -0.9, 37.247097, 101.393938,   94.3,  0.9, -2.5
20220927-223218,  0.3, -0.9, 37.247097, 101.393938,   94.7,  0.9, -2.5
20220927-223218,  0.3, -0.9, 37.247097, 101.393938,   94.3,  0.9, -2.5
20220927-223218,  0.4, -1.0, 37.247098, 101.393937,   93.9,  0.9, -2.5
20220927-223218,  0.4, -1.0, 37.247098, 101.393937,   93.9,  0.9, -2.5
20220927-223218,  0.4, -1.1, 37.247098, 101.393936,   94.2,  0.9, -2.5
20220927-223218,  0.4, -1.1, 37.247098, 101.393936,   94.1,  0.9, -2.5
20220927-223218,  0.4, -1.2, 37.247098, 101.393935,   93.9,  0.9, -2.5
20220927-223218,  0.4, -1.2, 37.247098, 101.393935,   94.6,  0.9, -2.5
20220927-223218,  0.5, -1.3, 37.247098, 101.393934,   94.7,  0.9, -2.5
20220927-223218,  0.5, -1.3, 37.247099, 101.393934,   94.3,  0.9, -2.5
20220927-223218,  0.5, -1.4, 37.247099, 101.393934,   94.6,  0.9, -2.5
20220927-223218,  0.5, -1.4, 37.247099, 101.393933,   94.8,  0.9, -2.6
20220927-223218,  0.5, -1.5, 37.247099, 101.393933,   94.9,  0.9, -2.6
20220927-223219,  0.5, -1.5, 37.247099, 101.393932,   95.0,  0.9, -2.6
20220927-223219,  0.6, -1.6, 37.247099, 101.393932,   95.2,  0.9, -2.6
20220927-223219,  0.6, -1.6, 37.247099, 101.393931,   95.1,  0.9, -2.6
20220927-223219,  0.6, -1.7, 37.247100, 101.393931,   95.1,  0.9, -2.6
20220927-223219,  0.6, -1.7, 37.247100, 101.393930,   94.5,  0.9, -2.6
20220927-223219,  0.6, -1.8, 37.247100, 101.393930,   94.7,  0.9, -2.6
20220927-223219,  0.6, -1.9, 37.247100, 101.393929,   94.5,  0.9, -2.6
20220927-223219,  0.7, -1.9, 37.247100, 101.393929,   94.3,  0.9, -2.6
20220927-223219,  0.7, -2.0, 37.247100, 101.393928,   94.4,  0.9, -2.6
20220927-223219,  0.7, -2.0, 37.247101, 101.393928,   94.2,  0.9, -2.6
20220927-223219,  0.7, -2.1, 37.247101, 101.393928,   94.1,  0.9, -2.6
20220927-223219,  0.7, -2.1, 37.247101, 101.393927,   93.9,  0.9, -2.6
20220927-223219,  0.7, -2.2, 37.247101, 101.393927,   93.9,  0.9, -2.6
20220927-223219,  0.8, -2.2, 37.247101, 101.393926,   94.3,  0.9, -2.6
20220927-223219,  0.8, -2.3, 37.247101, 101.393926,   94.2,  0.9, -2.6
20220927-223219,  0.8, -2.3, 37.247101, 101.393925,   94.0,  0.9, -2.7
20220927-223219,  0.8, -2.4, 37.247102, 101.393925,   93.9,  0.9, -2.7
20220927-223219,  0.8, -2.4, 37.247102, 101.393924,   93.8,  0.9, -2.7
20220927-223219,  0.8, -2.5, 37.247102, 101.393924,   93.8,  0.9, -2.7
20220927-223219,  0.0,  0.0, 37.247094, 101.393946,   94.5,  0.2, -0.6
20220927-223219,  0.0, -0.0, 37.247094, 101.393946,   94.7,  0.2, -0.6
20220927-223219,  0.0, -0.0, 37.247094, 101.393946,   94.6,  0.2, -0.6
20220927-223219,  0.0, -0.0, 37.247094, 101.393946,   95.2,  0.2, -0.6
20220927-223219,  0.0, -0.0, 37.247094, 101.393946,   94.9,  0.2, -0.6
20220927-223219,  0.0, -0.1, 37.247094, 101.393945,   94.9,  0.2, -0.6
20220927-223219,  0.0, -0.1, 37.247094, 101.393945,   95.0,  0.2, -0.6
20220927-223219,  0.0, -0.1, 37.247095, 101.393945,   94.8,  0.2, -0.6
20220927-223219,  0.0, -0.1, 37.247095, 101.393945,   94.7,  0.2, -0.6
20220927-223219,  0.0, -0.1, 37.247095, 101.393945,   94.9,  0.2, -0.6
20220927-223219,  0.0, -0.1, 37.247095, 101.393945,   94.7,  0.2, -0.6
20220927-223219,  0.0, -0.1, 37.247095, 101.393945,   95.1,  0.2, -0.7
20220927-223219,  0.0, -0.1, 37.247095, 101.393945,   94.8,  0.2, -0.7
20220927-223219,  0.0, -0.2, 37.247095, 101.393945,   94.9,  0.2, -0.7
20220927-223219,  0.0, -0.2, 37.247095, 101.393944,   94.8,  0.2, -0.7
20220927-223219,  0.1, -0.2, 37.247095, 101.393944,   94.7,  0.2, -0.7
20220927-223219,  0.1, -0.2, 37.247095, 101.393944,   94.8,  0.2, -0.7
20220927-223219,  0.1, -0.2, 37.247095, 101.393944,   94.8,  0.2, -0.7
20220927-223219,  0.1, -0.2, 37.247095, 101.393944,   94.4,  0.2, -0.7
20220927-223219,  0.1, -0.2, 37.247095, 101.393944,   94.3,  0.2, -0.7
20220927-223219,  0.1, -0.3, 37.247095, 101.393944,   94.7,  0.2, -0.7
20220927-223219,  0.1, -0.3, 37.247095, 101.393944,   94.9,  0.2, -0.7
20220927-223219,  0.1, -0.3, 37.247095, 101.393943,   94.6,  0.2, -0.7
20220927-223219,  0.1, -0.3, 37.247095, 101.393943,   94.7,  0.2, -0.7
20220927-223219,  0.1, -0.3, 37.247095, 101.393943,   94.8,  0.2, -0.7
20220927-223219,  0.1, -0.3, 37.247095, 101.393943,   94.6,  0.2, -0.7
20220927-223219,  0.1, -0.3, 37.247095, 101.393943,   95.0,  0.2, -0.7
20220927-223219,  0.1, -0.4, 37.247095, 101.393943,   94.8,  0.2, -0.8
20220927-223219,  0.1, -0.4, 37.247095, 101.393943,   95.0,  0.2, -0.8
20220927-223219,  0.1, -0.4, 37.247095, 101.393943,   95.3,  0.2, -0.8
20220927-223219,  0.1, -0.4, 37.247095, 101.393942,   95.3,  0.2, -0.8
20220927-223219,  0.1, -0.4, 37.247095, 101.393942,   95.6,  0.2, -0.8
20220927-223220,  0.1, -0.4, 37.247095, 101.393942,   95.2,  0.2, -0.8
20220927-223220,  0.1, -0.4, 37.247095, 101.393942,   95.0,  0.2, -0.8
20220927-223220,  0.1, -0.5, 37.247095, 101.393942,   94.8,  0.2, -0.8
20220927-223220,  0.1, -0.5, 37.247095, 101.393942,   94.8,  0.2, -0.8
20220927-223220,  0.1, -0.5, 37.247095, 101.393942,   94.7,  0.2, -0.8
20220927-223220,  0.1, -0.5, 37.247095, 101.393942,   94.7,  0.2, -0.8
20220927-223220,  0.1, -0.5, 37.247095, 101.393941,   94.8,  0.2, -0.8
20220927-223220,  0.1, -0.5, 37.247095, 101.393941,   94.5,  0.2, -0.8
20220927-223220,  0.1, -0.5, 37.247095, 101.393941,   94.1,  0.2, -0.8
20220927-223220,  0.1, -0.6, 37.247096, 101.393941,   94.2,  0.2, -0.8
20220927-223220,  0.1, -0.6, 37.247096, 101.393941,   94.3,  0.2, -0.8
20220927-223220,  0.1, -0.6, 37.247096, 101.393941,   94.4,  0.2, -0.8
20220927-223220,  0.1, -0.6, 37.247096, 101.393940,   94.6,  0.2, -0.9
20220927-223220,  0.1, -0.6, 37.247096, 101.393940,   94.1,  0.2, -0.9
20220927-223220,  0.2, -0.6, 37.247096, 101.393940,   93.8,  0.2, -0.9
20220927-223220,  0.2, -0.7, 37.247096, 101.393940,   93.8,  0.2, -0.9
20220927-223220,  0.2, -0.7, 37.247096, 101.393940,   94.0,  0.2, -0.9
20220927-223220,  0.2, -0.7, 37.247096, 101.393940,   94.0,  0.2, -0.9
20220927-223220,  0.2, -0.7, 37.247096, 101.393940,   94.0,  0.2, -0.9
20220927-223220,  0.0,  0.0, 37.247094, 101.393946,   94.4,  0.0, -0.2
20220927-223220,  0.0, -0.0, 37.247094, 101.393946,   94.6,  0.0, -0.2
20220927-223220,  0.0, -0.0, 37.247094, 101.393946,   94.4,  0.0, -0.2
20220927-223220,  0.0, -0.0, 37.247094, 101.393946,   94.3,  0.0, -0.2
20220927-223220,  0.0, -0.0, 37.247094, 101.393946,   94.4,  0.0, -0.2
20220927-223220,  0.0, -0.0, 37.247094, 101.393946,   94.3,  0.0, -0.3
20220927-223220,  0.0, -0.0, 37.247094, 101.393946,   94.7,  0.0, -0.3
20220927-223220,  0.0, -0.0, 37.247094, 101.393946,   94.9,  0.0, -0.3
20220927-223220,  0.0, -0.0, 37.247094, 101.393946,   95.2,  0.0, -0.3
20220927-223220,  0.0, -0.0, 37.247094, 101.393946,   94.9,  0.0, -0.3
20220927-223220,  0.0, -0.0, 37.247094, 101.393946,   94.6,  0.0, -0.3
20220927-223220,  0.0, -0.1, 37.247094, 101.393946,   94.7,  0.0, -0.3
20220927-223220,  0.0, -0.1, 37.247094, 101.393945,   94.9,  0.0, -0.3
20220927-223220,  0.0, -0.1, 37.247094, 101.393945,   94.7,  0.0, -0.3
20220927-223220,  0.0, -0.1, 37.247094, 101.393945,   94.5,  0.0, -0.3
20220927-223220,  0.0, -0.1, 37.247094, 101.393945,   94.1,  0.0, -0.3
20220927-223220,  0.0, -0.1, 37.247094, 101.393945,   94.0,  0.0, -0.3
20220927-223220,  0.0, -0.1, 37.247094, 101.393945,   93.9,  0.0, -0.3
20220927-223220,  0.0, -0.1, 37.247094, 101.393945,   93.9,  0.0, -0.3
20220927-223220,  0.0, -0.1, 37.247094, 101.393945,   94.3,  0.0, -0.3
20220927-223220,  0.0, -0.1, 37.247094, 101.393945,   94.5,  0.0, -0.3
20220927-223220,  0.0, -0.1, 37.247094, 101.393945,   95.0,  0.0, -0.3
20220927-223220,  0.0, -0.1, 37.247094, 101.393945,   94.9,  0.0, -0.4
20220927-223220,  0.0, -0.1, 37.247094, 101.393945,   94.9,  0.0, -0.4
20220927-223220,  0.0, -0.1, 37.247094, 101.393945,   94.7,  0.0, -0.4
20220927-223220,  0.0, -0.1, 37.247094, 101.393945,   94.7,  0.0, -0.4
20220927-223220,  0.0, -0.2, 37.247094, 101.393945,   95.1,  0.0, -0.4
20220927-223220,  0.0, -0.2, 37.247094, 101.393945,   95.3,  0.0, -0.4
20220927-223220,  0.0, -0.2, 37.247094, 101.393945,   95.3,  0.0, -0.4
20220927-223220,  0.0, -0.2, 37.247094, 101.393944,   95.4,  0.0, -0.4
20220927-223220,  0.0, -0.2, 37.247094, 101.393944,   95.5,  0.0, -0.4
20220927-223220,  0.0, -0.2, 37.247094, 101.393944,   95.3,  0.0, -0.4
20220927-223220,  0.0, -0.2, 37.247094, 101.393944,   95.7,  0.0, -0.4
20220927-223221,  0.0, -0.2, 37.247094, 101.393944,   95.5,  0.0, -0.4
20220927-223221,  0.0, -0.2, 37.247094, 101.393944,   95.1,  0.0, -0.4
20220927-223221,  0.0, -0.2, 37.247094, 101.393944,   94.8,  0.0, -0.4
20220927-223221,  0.0, -0.2, 37.247094, 101.393944,   94.8,  0.0, -0.4
20220927-223221,  0.0, -0.2, 37.247094, 101.393944,   94.7,  0.0, -0.4
20220927-223221,  0.0, -0.2, 37.247094, 101.393944,   94.7,  0.0, -0.5
20220927-223221,  0.0, -0.3, 37.247094, 101.393944,   94.9,  0.0, -0.5
20220927-223221,  0.0, -0.3, 37.247094, 101.393944,   94.9,  0.0, -0.5
20220927-223221,  0.0, -0.3, 37.247094, 101.393944,   94.6,  0.0, -0.5
20220927-223221,  0.0, -0.3, 37.247094, 101.393943,   94.6,  0.0, -0.5
20220927-223221,  0.0, -0.3, 37.247095, 101.393943,   94.4,  0.0, -0.5
20220927-223221,  0.0, -0.3, 37.247095, 101.393943,   94.9,  0.0, -0.5
20220927-223221,  0.0, -0.3, 37.247095, 101.393943,   95.3,  0.0, -0.5
20220927-223221,  0.0, -0.3, 37.247095, 101.393943,   95.3,  0.0, -0.5
20220927-223221,  0.0, -0.3, 37.247095, 101.393943,   94.9,  0.0, -0.5
20220927-223221,  0.0, -0.3, 37.247095, 101.393943,   94.7,  0.0, -0.5
20220927-223221,  0.0, -0.3, 37.247095, 101.393943,   94.7,  0.0, -0.5
20220927-223221,  0.0, -0.4, 37.247095, 101.393943,   94.8,  0.0, -0.5
20220927-223221,  0.0, -0.4, 37.247095, 101.393943,   94.7,  0.0, -0.5
20220927-223221,  0.0,  0.0, 37.247094, 101.393946,   94.6,  0.0, -0.1
20220927-223221,  0.0, -0.0, 37.247094, 101.393946,   94.7,  0.0, -0.2
20220927-223221,  0.0, -0.0, 37.247094, 101.393946,   94.7,  0.0, -0.2
20220927-223221,  0.0, -0.0, 37.247094, 101.393946,   94.8,  0.0, -0.2
20220927-223221,  0.0, -0.0, 37.247094, 101.393946,   94.8,  0.0, -0.2
20220927-223221,  0.0, -0.0, 37.247094, 101.393946,   95.1,  0.0, -0.2
20220927-223221,  0.0, -0.0, 37.247094, 101.393946,   94.7,  0.0, -0.2
20220927-223221,  0.0, -0.0, 37.247094, 101.393946,   94.7,  0.0, -0.2
20220927-223221,  0.0, -0.0, 37.247094, 101.393946,   94.9,  0.0, -0.2
20220927-223221,  0.0, -0.0, 37.247094, 101.393946,   94.4,  0.0, -0.2
20220927-223221,  0.0, -0.0, 37.247094, 101.393946,   94.6,  0.0, -0.2
20220927-223221,  0.0, -0.0, 37.247094, 101.393946,   94.7, -0.0, -0.2
20220927-223221,  0.0, -0.0, 37.247094, 101.393946,   95.0,  0.0, -0.2
20220927-223221,  0.0, -0.0, 37.247094, 101.393946,   95.4, -0.0, -0.2
20220927-223221,  0.0, -0.0, 37.247094, 101.393946,   94.9, -0.0, -0.2
20220927-223221,  0.0, -0.1, 37.247094, 101.393946,   95.2, -0.0, -0.2
20220927-223221,  0.0, -0.1, 37.247094, 101.393945,   94.9,  0.0, -0.2
20220927-223221,  0.0, -0.1, 37.247094, 101.393945,   94.8, -0.0, -0.2
20220927-223221,  0.0, -0.1, 37.247094, 101.393945,   94.3, -0.0, -0.3
20220927-223221,  0.0, -0.1, 37.247094, 101.393945,   94.4, -0.0, -0.3
20220927-223221,  0.0, -0.1, 37.247094, 101.393945,   94.4, -0.0, -0.3
20220927-223221,  0.0, -0.1, 37.247094, 101.393945,   94.5, -0.0, -0.3
20220927-223221,  0.0, -0.1, 37.247094, 101.393945,   94.7, -0.0, -0.3
20220927-223221,  0.0, -0.1, 37.247094, 101.393945,   95.2, -0.0, -0.3
20220927-223221,  0.0, -0.1, 37.247094, 101.393945,   95.0, -0.0, -0.3
20220927-223221,  0.0, -0.1, 37.247094, 101.393945,   94.4, -0.0, -0.3
20220927-223221, -0.0, -0.1, 37.247094, 101.393945,   94.4, -0.0, -0.3
20220927-223221, -0.0, -0.1, 37.247094, 101.393945,   94.5, -0.0, -0.3
20220927-223221, -0.0, -0.1, 37.247094, 101.393945,   94.8, -0.0, -0.3
20220927-223221, -0.0, -0.1, 37.247094, 101.393945,   95.1, -0.0, -0.3
20220927-223221, -0.0, -0.1, 37.247094, 101.393945,   94.8, -0.0, -0.3
20220927-223221, -0.0, -0.1, 37.247094, 101.393945,   95.2, -0.0, -0.3
20220927-223221, -0.0, -0.1, 37.247094, 101.393945,   95.3, -0.0, -0.3
20220927-223222, -0.0, -0.2, 37.247094, 101.393945,   94.9, -0.0, -0.3
20220927-223222, -0.0, -0.2, 37.247094, 101.393945,   94.7, -0.0, -0.3
20220927-223222, -0.0, -0.2, 37.247094, 101.393945,   94.8, -0.0, -0.4
20220927-223222, -0.0, -0.2, 37.247094, 101.393944,   94.9, -0.0, -0.4
20220927-223222, -0.0, -0.2, 37.247094, 101.393944,   94.9, -0.0, -0.4
20220927-223222, -0.0, -0.2, 37.247094, 101.393944,   95.0, -0.0, -0.4
20220927-223222, -0.0, -0.2, 37.247094, 101.393944,   94.5, -0.0, -0.4
20220927-223222, -0.0, -0.2, 37.247094, 101.393944,   94.6, -0.0, -0.4
20220927-223222, -0.0, -0.2, 37.247094, 101.393944,   94.2, -0.0, -0.4
20220927-223222, -0.0, -0.2, 37.247094, 101.393944,   94.2, -0.0, -0.4
20220927-223222, -0.0, -0.2, 37.247094, 101.393944,   94.1, -0.0, -0.4
20220927-223222, -0.0, -0.2, 37.247094, 101.393944,   94.0, -0.0, -0.4
20220927-223222, -0.0, -0.2, 37.247094, 101.393944,   94.1, -0.0, -0.4
20220927-223222, -0.0, -0.2, 37.247094, 101.393944,   94.5, -0.0, -0.4
20220927-223222, -0.0, -0.3, 37.247094, 101.393944,   94.9, -0.0, -0.4
20220927-223222, -0.0, -0.3, 37.247094, 101.393944,   95.3, -0.0, -0.4
20220927-223222, -0.0, -0.3, 37.247094, 101.393944,   95.2, -0.0, -0.4
20220927-223222, -0.0, -0.3, 37.247094, 101.393943,   95.5, -0.0, -0.4
20220927-223222, -0.0, -0.3, 37.247094, 101.393943,   95.6, -0.0, -0.4
20220927-223222, -0.0, -0.3, 37.247094, 101.393943,   95.6, -0.0, -0.5
20220927-223222,  0.0,  0.0, 37.247094, 101.393946,   95.7, -0.0, -0.1
20220927-223222, -0.0, -0.0, 37.247094, 101.393946,   95.5, -0.0, -0.1
20220927-223222, -0.0, -0.0, 37.247094, 101.393946,   95.1, -0.0, -0.1
20220927-223222, -0.0, -0.0, 37.247094, 101.393946,   94.6, -0.0, -0.1
20220927-223222, -0.0, -0.0, 37.247094, 101.393946,   94.5, -0.0, -0.2
20220927-223222, -0.0, -0.0, 37.247094, 101.393946,   95.0, -0.0, -0.2
20220927-223222, -0.0, -0.0, 37.247094, 101.393946,   95.3, -0.0, -0.2
20220927-223222, -0.0, -0.0, 37.247094, 101.393946,   95.1, -0.0, -0.2
20220927-223222, -0.0, -0.0, 37.247094, 101.393946,   94.7, -0.0, -0.2
20220927-223222, -0.0, -0.0, 37.247094, 101.393946,   95.1, -0.0, -0.2
20220927-223222, -0.0, -0.0, 37.247094, 101.393946,   95.2, -0.0, -0.2
20220927-223222, -0.0, -0.0, 37.247094, 101.393946,   95.0, -0.0, -0.2
20220927-223222, -0.0, -0.0, 37.247094, 101.393946,   95.3, -0.0, -0.2
20220927-223222, -0.0, -0.0, 37.247094, 101.393946,   95.5, -0.0, -0.2
20220927-223222, -0.0, -0.0, 37.247094, 101.393946,   95.6, -0.0, -0.2
20220927-223222, -0.0, -0.0, 37.247094, 101.393946,   95.0, -0.0, -0.2
20220927-223222, -0.0, -0.1, 37.247094, 101.393946,   94.9, -0.0, -0.2
20220927-223222, -0.0, -0.1, 37.247094, 101.393945,   94.6, -0.0, -0.2
20220927-223222, -0.0, -0.1, 37.247094, 101.393945,   94.8, -0.0, -0.2
20220927-223222, -0.0, -0.1, 37.247094, 101.393945,   94.6, -0.0, -0.2
20220927-223222, -0.0, -0.1, 37.247094, 101.393945,   94.8, -0.0, -0.2
20220927-223222, -0.0, -0.1, 37.247094, 101.393945,   94.7, -0.0, -0.3
20220927-223222, -0.0, -0.1, 37.247094, 101.393945,   94.7, -0.0, -0.3
20220927-223222, -0.0, -0.1, 37.247094, 101.393945,   94.8, -0.0, -0.3
20220927-223222, -0.0, -0.1, 37.247094, 101.393945,   94.7, -0.0, -0.3
20220927-223222, -0.0, -0.1, 37.247094, 101.393945,   94.3, -0.0, -0.3
20220927-223222, -0.0, -0.1, 37.247094, 101.393945,   94.5, -0.0, -0.3
20220927-223222, -0.0, -0.1, 37.247094, 101.393945,   94.3, -0.0, -0.3
20220927-223222, -0.0, -0.1, 37.247094, 101.393945,   94.2, -0.0, -0.3
20220927-223222, -0.0, -0.1, 37.247094, 101.393945,   94.2, -0.0, -0.3
20220927-223222, -0.0, -0.1, 37.247094, 101.393945,   94.0, -0.0, -0.3
20220927-223222, -0.0, -0.1, 37.247094, 101.393945,   93.7, -0.0, -0.3
20220927-223223, -0.0, -0.1, 37.247094, 101.393945,   93.6, -0.0, -0.3
20220927-223223, -0.0, -0.1, 37.247094, 101.393945,   93.6, -0.0, -0.3
20220927-223223, -0.0, -0.1, 37.247094, 101.393945,   94.1, -0.0, -0.3
20220927-223223, -0.0, -0.2, 37.247094, 101.393945,   94.4, -0.0, -0.3
20220927-223223, -0.0, -0.2, 37.247094, 101.393945,   94.3, -0.0, -0.3
20220927-223223, -0.0, -0.2, 37.247094, 101.393944,   94.7, -0.0, -0.3
20220927-223223, -0.0, -0.2, 37.247094, 101.393944,   94.4, -0.0, -0.4
20220927-223223, -0.0, -0.2, 37.247094, 101.393944,   94.5, -0.0, -0.4
20220927-223223, -0.0, -0.2, 37.247094, 101.393944,   94.6, -0.0, -0.4
20220927-223223, -0.0, -0.2, 37.247094, 101.393944,   94.5, -0.0, -0.4
20220927-223223, -0.0, -0.2, 37.247094, 101.393944,   94.4, -0.0, -0.4
20220927-223223, -0.0, -0.2, 37.247094, 101.393944,   94.5, -0.0, -0.4
20220927-223223, -0.0, -0.2, 37.247094, 101.393944,   94.7, -0.0, -0.4
20220927-223223, -0.0, -0.2, 37.247094, 101.393944,   94.7, -0.0, -0.4
20220927-223223, -0.0, -0.2, 37.247094, 101.393944,   94.5, -0.0, -0.4
20220927-223223, -0.0, -0.2, 37.247094, 101.393944,   95.1, -0.0, -0.4
20220927-223223, -0.0, -0.3, 37.247094, 101.393944,   95.3, -0.0, -0.4
20220927-223223, -0.0, -0.3, 37.247094, 101.393944,   95.0, -0.0, -0.4
20220927-223223, -0.0, -0.3, 37.247094, 101.393944,   94.8, -0.0, -0.4
20220927-223223, -0.0, -0.3, 37.247094, 101.393944,   94.8, -0.0, -0.4
