20220927-223315,  0.0,  0.0, 37.247094, 101.393946,   95.3,  52.8, -133.8
20220927-223315,  1.2, -3.1, 37.247105, 101.393918,   94.8,  52.8, -133.8
20220927-223315,  2.4, -6.0, 37.247115, 101.393892,   94.4,  52.8, -133.9
20220927-223315,  3.5, -8.8, 37.247126, 101.393867,   94.9,  52.8, -133.9
20220927-223315,  4.6, -11.6, 37.247136, 101.393841,   95.3,  52.8, -133.9
20220927-223315,  5.6, -14.3, 37.247145, 101.393818,   94.9,  52.8, -133.9
20220927-223315,  6.6, -16.8, 37.247154, 101.393794,   94.4,  52.8, -133.9
20220927-223315,  7.7, -19.4, 37.247163, 101.393771,   94.4,  52.8, -133.9
20220927-223315,  8.7, -22.0, 37.247172, 101.393748,   93.9,  52.8, -133.9
20220927-223315,  9.7, -24.6, 37.247182, 101.393725,   93.8,  52.8, -133.9
20220927-223315,  10.7, -27.2, 37.247191, 101.393701,   94.0,  52.8, -133.9
20220927-223315,  11.8, -29.9, 37.247200, 101.393677,   94.2,  52.8, -133.9
20220927-223315,  12.8, -32.5, 37.247210, 101.393653,   94.4,  52.8, -133.9
20220927-223315,  13.9, -35.2, 37.247219, 101.393629,   94.2,  52.8, -133.9
20220927-223315,  14.9, -37.8, 37.247228, 101.393606,   94.3,  52.8, -133.9
20220927-223315,  15.9, -40.4, 37.247238, 101.393583,   94.5,  52.8, -133.9
20220927-223315,  16.9, -43.0, 37.247247, 101.393560,   94.4,  52.8, -133.9
20220927-223315,  18.0, -45.5, 37.247256, 101.393537,   94.1,  52.8, -133.9
20220927-223315,  19.0, -48.1, 37.247265, 101.393513,   94.1,  52.8, -134.0
20220927-223315,  20.0, -50.7, 37.247274, 101.393490,   94.2,  52.8, -134.0
20220927-223315,  21.0, -53.3, 37.247283, 101.393467,   94.3,  52.8, -134.0
20220927-223315,  22.0, -55.9, 37.247292, 101.393444,   94.5,  52.8, -134.0
20220927-223315,  23.1, -58.4, 37.247302, 101.393420,   95.1,  52.8, -134.0
20220927-223315,  24.1, -61.0, 37.247311, 101.393397,   94.9,  52.8, -134.0
20220927-223315,  25.1, -63.6, 37.247320, 101.393374,   94.8,  52.8, -134.0
20220927-223315,  26.1, -66.2, 37.247329, 101.393351,   95.1,  52.8, -134.0
20220927-223315,  27.1, -68.8, 37.247338, 101.393328,   95.4,  52.8, -134.0
20220927-223315,  28.1, -71.3, 37.247347, 101.393304,   95.5,  52.8, -134.0
20220927-223315,  29.2, -73.9, 37.247356, 101.393281,   96.0,  52.8, -134.0
20220927-223315,  30.2, -76.5, 37.247366, 101.393258,   96.5,  52.8, -134.0
20220927-223315,  31.2, -79.1, 37.247375, 101.393235,   96.0,  52.8, -134.0
20220927-223315,  32.2, -81.7, 37.247384, 101.393212,   95.9,  52.8, -134.0
20220927-223316,  33.2, -84.2, 37.247393, 101.393188,   95.9,  52.8, -134.0
20220927-223316,  34.2, -86.8, 37.247402, 101.393165,   95.6,  52.8, -134.0
20220927-223316,  35.3, -89.4, 37.247411, 101.393142,   95.6,  52.8, -134.0
20220927-223316,  36.3, -92.0, 37.247420, 101.393119,   95.7,  52.8, -134.1
20220927-223316,  37.3, -94.6, 37.247430, 101.393096,   94.8,  52.8, -134.1
20220927-223316,  38.3, -97.2, 37.247439, 101.393072,   94.7,  52.8, -134.1
20220927-223316,  39.3, -99.7, 37.247448, 101.393049,   94.7,  52.8, -134.1
20220927-223316,  40.3, -102.3, 37.247457, 101.393026,   94.6,  52.8, -134.1
20220927-223316,  41.4, -104.9, 37.247466, 101.393003,   94.8,  52.8, -134.1
20220927-223316,  42.4, -107.5, 37.247475, 101.392979,   94.7,  52.8, -134.1
20220927-223316,  43.4, -110.0, 37.247484, 101.392956,   94.8,  52.8, -134.1
20220927-223316,  44.4, -112.6, 37.247494, 101.392933,   95.3,  52.8, -134.1
20220927-223316,  45.4, -115.2, 37.247503, 101.392910,   95.1,  52.8, -134.1
20220927-223316,  46.4, -117.8, 37.247512, 101.392887,   94.9,  52.8, -134.1
20220927-223316,  47.4, -120.3, 37.247521, 101.392864,   94.8,  52.8, -134.1
20220927-223316,  48.5, -122.9, 37.247530, 101.392840,   94.7,  52.8, -134.1
20220927-223316,  49.5, -125.5, 37.247539, 101.392817,   94.8,  52.8, -134.1
20220927-223316,  50.5, -128.1, 37.247548, 101.392794,   94.7,  52.8, -134.1
20220927-223316,  51.6, -130.8, 37.247558, 101.392770,   94.8,  52.8, -134.1
20220927-223316,  0.0,  0.0, 37.247094, 101.393946,   94.3,  10.9, -27.8
20220927-223316,  0.2, -0.6, 37.247096, 101.393940,   94.1,  10.9, -27.8
20220927-223316,  0.5, -1.2, 37.247099, 101.393935,   94.0,  10.9, -27.8
20220927-223316,  0.7, -1.8, 37.247101, 101.393930,   94.0,  10.9, -27.9
20220927-223316,  0.9, -2.4, 37.247103, 101.393925,   93.9,  10.9, -27.9
20220927-223316,  1.1, -2.9, 37.247105, 101.393920,   93.8,  10.9, -27.9
20220927-223316,  1.4, -3.4, 37.247106, 101.393915,   93.6,  10.9, -27.9
20220927-223316,  1.6, -4.0, 37.247108, 101.393910,   93.7,  10.9, -27.9
20220927-223316,  1.8, -4.5, 37.247110, 101.393906,   94.3,  10.9, -27.9
20220927-223316,  2.0, -5.0, 37.247112, 101.393901,   94.1,  10.9, -27.9
20220927-223316,  2.2, -5.5, 37.247114, 101.393896,   94.2,  10.9, -27.9
20220927-223316,  2.4, -6.1, 37.247116, 101.393891,   93.9,  10.9, -27.9
20220927-223316,  2.6, -6.6, 37.247118, 101.393886,   94.4,  10.9, -27.9
20220927-223316,  2.8, -7.2, 37.247120, 101.393881,   94.7,  10.9, -27.9
20220927-223316,  3.0, -7.7, 37.247122, 101.393876,   95.0,  10.9, -27.9
20220927-223316,  3.3, -8.4, 37.247124, 101.393871,   94.9,  10.9, -27.9
20220927-223316,  3.5, -8.9, 37.247126, 101.393866,   94.9,  10.9, -27.9
20220927-223316,  3.7, -9.4, 37.247128, 101.393861,   94.5,  10.9, -27.9
20220927-223316,  3.9, -10.0, 37.247129, 101.393856,   94.5,  10.9, -27.9
20220927-223316,  4.1, -10.5, 37.247131, 101.393852,   94.1,  10.9, -28.0
20220927-223316,  4.3, -11.0, 37.247133, 101.393847,   94.2,  10.9, -28.0
20220927-223316,  4.5, -11.6, 37.247135, 101.393842,   94.3,  10.9, -28.0
20220927-223316,  4.7, -12.1, 37.247137, 101.393837,   94.2,  10.9, -28.0
20220927-223316,  5.0, -12.6, 37.247139, 101.393832,   94.2,  10.9, -28.0
20220927-223316,  5.2, -13.2, 37.247141, 101.393828,   94.4,  10.9, -28.0
20220927-223316,  5.4, -13.7, 37.247143, 101.393823,   94.7,  10.9, -28.0
20220927-223316,  5.6, -14.2, 37.247144, 101.393818,   94.6,  10.9, -28.0
20220927-223316,  5.8, -14.8, 37.247146, 101.393813,   95.0,  10.9, -28.0
20220927-223316,  6.0, -15.3, 37.247148, 101.393808,   94.6,  10.9, -28.0
20220927-223316,  6.2, -15.8, 37.247150, 101.393804,   94.8,  10.9, -28.0
20220927-223316,  6.4, -16.4, 37.247152, 101.393799,   94.6,  10.9, -28.0
20220927-223316,  6.6, -16.9, 37.247154, 101.393794,   95.3,  10.9, -28.0
20220927-223317,  6.8, -17.4, 37.247156, 101.393789,   95.9,  10.9, -28.0
20220927-223317,  7.0, -18.0, 37.247158, 101.393784,   95.7,  10.9, -28.0
20220927-223317,  7.2, -18.5, 37.247159, 101.393779,   95.3,  10.9, -28.0
20220927-223317,  7.5, -19.1, 37.247161, 101.393775,   94.7,  10.9, -28.0
20220927-223317,  7.7, -19.6, 37.247163, 101.393770,   94.7,  10.9, -28.1
20220927-223317,  7.9, -20.1, 37.247165, 101.393765,   95.0,  10.9, -28.1
20220927-223317,  8.1, -20.7, 37.247167, 101.393760,   94.9,  10.9, -28.1
20220927-223317,  8.3, -21.2, 37.247169, 101.393755,   94.5,  10.9, -28.1
20220927-223317,  8.5, -21.7, 37.247171, 101.393751,   94.4,  10.9, -28.1
20220927-223317,  8.7, -22.3, 37.247173, 101.393746,   94.7,  10.9, -28.1
20220927-223317,  8.9, -22.8, 37.247174, 101.393741,   95.1,  10.9, -28.1
20220927-223317,  9.1, -23.3, 37.247176, 101.393736,   95.4,  10.9, -28.1
20220927-223317,  9.3, -23.9, 37.247178, 101.393731,   95.5,  10.9, -28.1
20220927-223317,  9.5, -24.4, 37.247180, 101.393726,   95.1,  10.9, -28.1
20220927-223317,  9.7, -25.0, 37.247182, 101.393722,   94.9,  10.9, -28.1
20220927-223317,  10.0, -25.5, 37.247184, 101.393717,   94.9,  10.9, -28.1
20220927-223317,  10.2, -26.0, 37.247186, 101.393712,   94.3,  10.9, -28.1
20220927-223317,  10.4, -26.6, 37.247188, 101.393707,   94.3,  10.9, -28.1
20220927-223317,  10.6, -27.2, 37.247190, 101.393702,   94.3,  10.9, -28.1
20220927-223317,  0.0,  0.0, 37.247094, 101.393946,   94.5,  2.3, -5.9
20220927-223317,  0.1, -0.1, 37.247095, 101.393945,   94.6,  2.3, -6.0
20220927-223317,  0.1, -0.3, 37.247095, 101.393944,   94.5,  2.3, -6.0
20220927-223317,  0.1, -0.4, 37.247096, 101.393943,   94.4,  2.3, -6.0
20220927-223317,  0.2, -0.5, 37.247096, 101.393942,   94.7,  2.3, -6.0
20220927-223317,  0.2, -0.6, 37.247096, 101.393941,   95.1,  2.3, -6.0
20220927-223317,  0.3, -0.7, 37.247097, 101.393940,   94.7,  2.3, -6.0
20220927-223317,  0.3, -0.8, 37.247097, 101.393939,   94.5,  2.3, -6.0
20220927-223317,  0.4, -0.9, 37.247098, 101.393937,   94.8,  2.3, -6.0
20220927-223317,  0.4, -1.1, 37.247098, 101.393936,   94.9,  2.3, -6.0
20220927-223317,  0.5, -1.2, 37.247098, 101.393935,   95.1,  2.3, -6.0
20220927-223317,  0.5, -1.3, 37.247099, 101.393934,   94.9,  2.3, -6.0
20220927-223317,  0.5, -1.4, 37.247099, 101.393933,   94.9,  2.3, -6.0
20220927-223317,  0.6, -1.5, 37.247100, 101.393932,   94.7,  2.3, -6.0
20220927-223317,  0.6, -1.7, 37.247100, 101.393931,   94.3,  2.3, -6.0
20220927-223317,  0.7, -1.8, 37.247100, 101.393930,   94.2,  2.3, -6.0
20220927-223317,  0.7, -1.9, 37.247101, 101.393929,   94.1,  2.3, -6.0
20220927-223317,  0.8, -2.0, 37.247101, 101.393928,   94.0,  2.3, -6.0
20220927-223317,  0.8, -2.1, 37.247102, 101.393927,   93.9,  2.3, -6.1
20220927-223317,  0.9, -2.2, 37.247102, 101.393926,   94.4,  2.3, -6.1
20220927-223317,  0.9, -2.4, 37.247102, 101.393925,   94.7,  2.3, -6.1
20220927-223317,  0.9, -2.5, 37.247103, 101.393924,   95.2,  2.3, -6.1
20220927-223317,  1.0, -2.6, 37.247103, 101.393923,   95.5,  2.3, -6.1
20220927-223317,  1.0, -2.7, 37.247104, 101.393922,   95.2,  2.3, -6.1
20220927-223317,  1.1, -2.8, 37.247104, 101.393921,   95.0,  2.3, -6.1
20220927-223317,  1.1, -2.9, 37.247104, 101.393920,   95.1,  2.3, -6.1
20220927-223317,  1.2, -3.1, 37.247105, 101.393919,   95.2,  2.3, -6.1
20220927-223317,  1.2, -3.2, 37.247105, 101.393917,   95.1,  2.3, -6.1
20220927-223317,  1.2, -3.3, 37.247106, 101.393916,   94.9,  2.3, -6.1
20220927-223317,  1.3, -3.4, 37.247106, 101.393915,   94.5,  2.3, -6.1
20220927-223317,  1.3, -3.5, 37.247106, 101.393914,   94.6,  2.3, -6.1
20220927-223317,  1.4, -3.6, 37.247107, 101.393913,   94.6,  2.3, -6.1
20220927-223318,  1.4, -3.8, 37.247107, 101.393912,   94.3,  2.3, -6.1
20220927-223318,  1.5, -3.9, 37.247107, 101.393911,   94.8,  2.3, -6.1
20220927-223318,  1.5, -4.0, 37.247108, 101.393910,   94.5,  2.3, -6.1
20220927-223318,  1.5, -4.1, 37.247108, 101.393909,   94.3,  2.3, -6.2
20220927-223318,  1.6, -4.2, 37.247109, 101.393908,   94.5,  2.3, -6.2
20220927-223318,  1.6, -4.3, 37.247109, 101.393907,   94.8,  2.3, -6.2
20220927-223318,  1.7, -4.5, 37.247109, 101.393906,   94.9,  2.3, -6.2
20220927-223318,  1.7, -4.6, 37.247110, 101.393905,   94.8,  2.3, -6.2
20220927-223318,  1.8, -4.7, 37.247110, 101.393904,   95.2,  2.3, -6.2
20220927-223318,  1.8, -4.8, 37.247111, 101.393903,   95.3,  2.3, -6.2
20220927-223318,  1.9, -4.9, 37.247111, 101.393902,   95.2,  2.3, -6.2
20220927-223318,  1.9, -5.1, 37.247111, 101.393901,   95.4,  2.3, -6.2
20220927-223318,  1.9, -5.2, 37.247112, 101.393899,   95.3,  2.3, -6.2
20220927-223318,  2.0, -5.3, 37.247112, 101.393898,   95.3,  2.3, -6.2
20220927-223318,  2.0, -5.4, 37.247113, 101.393897,   95.3,  2.3, -6.2
20220927-223318,  2.1, -5.5, 37.247113, 101.393896,   95.1,  2.3, -6.2
20220927-223318,  2.1, -5.6, 37.247113, 101.393895,   95.4,  2.3, -6.2
20220927-223318,  2.2, -5.8, 37.247114, 101.393894,   95.1,  2.3, -6.2
20220927-223318,  2.2, -5.9, 37.247114, 101.393893,   95.3,  2.3, -6.2
20220927-223318,  2.2, -6.0, 37.247114, 101.393892,   95.4,  2.3, -6.2
20220927-223318,  0.0,  0.0, 37.247094, 101.393946,   95.7,  0.5, -1.3
20220927-223318,  0.0, -0.0, 37.247094, 101.393946,   95.6,  0.5, -1.3
20220927-223318,  0.0, -0.1, 37.247094, 101.393945,   95.6,  0.5, -1.3
20220927-223318,  0.0, -0.1, 37.247095, 101.393945,   95.4,  0.5, -1.3
20220927-223318,  0.0, -0.1, 37.247095, 101.393945,   95.4,  0.5, -1.4
20220927-223318,  0.0, -0.1, 37.247095, 101.393945,   95.4,  0.5, -1.4
20220927-223318,  0.1, -0.2, 37.247095, 101.393945,   95.1,  0.5, -1.4
20220927-223318,  0.1, -0.2, 37.247095, 101.393944,   94.6,  0.5, -1.4
20220927-223318,  0.1, -0.2, 37.247095, 101.393944,   94.9,  0.5, -1.4
20220927-223318,  0.1, -0.2, 37.247095, 101.393944,   95.0,  0.5, -1.4
20220927-223318,  0.1, -0.3, 37.247095, 101.393944,   95.0,  0.5, -1.4
20220927-223318,  0.1, -0.3, 37.247095, 101.393943,   94.8,  0.5, -1.4
20220927-223318,  0.1, -0.3, 37.247095, 101.393943,   95.0,  0.5, -1.4
20220927-223318,  0.1, -0.3, 37.247095, 101.393943,   95.2,  0.5, -1.4
20220927-223318,  0.1, -0.4, 37.247095, 101.393943,   95.2,  0.5, -1.4
20220927-223318,  0.1, -0.4, 37.247096, 101.393942,   95.4,  0.5, -1.4
20220927-223318,  0.1, -0.4, 37.247096, 101.393942,   94.9,  0.5, -1.4
20220927-223318,  0.2, -0.5, 37.247096, 101.393942,   94.8,  0.5, -1.4
20220927-223318,  0.2, -0.5, 37.247096, 101.393942,   94.8,  0.5, -1.4
20220927-223318,  0.2, -0.5, 37.247096, 101.393941,   94.5,  0.5, -1.4
20220927-223318,  0.2, -0.5, 37.247096, 101.393941,   94.3,  0.5, -1.4
20220927-223318,  0.2, -0.6, 37.247096, 101.393941,   94.5,  0.5, -1.5
20220927-223318,  0.2, -0.6, 37.247096, 101.393941,   93.7,  0.5, -1.5
20220927-223318,  0.2, -0.6, 37.247096, 101.393940,   94.1,  0.5, -1.5
20220927-223318,  0.2, -0.6, 37.247096, 101.393940,   94.3,  0.5, -1.5
20220927-223318,  0.2, -0.7, 37.247096, 101.393940,   94.2,  0.5, -1.5
20220927-223318,  0.2, -0.7, 37.247096, 101.393940,   94.6,  0.5, -1.5
20220927-223318,  0.2, -0.7, 37.247096, 101.393939,   94.4,  0.5, -1.5
20220927-223318,  0.2, -0.8, 37.247097, 101.393939,   94.3,  0.5, -1.5
20220927-223318,  0.3, -0.8, 37.247097, 101.393939,   94.2,  0.5, -1.5
20220927-223318,  0.3, -0.8, 37.247097, 101.393939,   94.3,  0.5, -1.5
20220927-223318,  0.3, -0.8, 37.247097, 101.393938,   94.3,  0.5, -1.5
20220927-223318,  0.3, -0.9, 37.247097, 101.393938,   94.5,  0.5, -1.5
20220927-223319,  0.3, -0.9, 37.247097, 101.393938,   94.8,  0.5, -1.5
20220927-223319,  0.3, -0.9, 37.247097, 101.393938,   95.0,  0.5, -1.5
20220927-223319,  0.3, -1.0, 37.247097, 101.393937,   94.9,  0.5, -1.5
20220927-223319,  0.3, -1.0, 37.247097, 101.393937,   94.8,  0.5, -1.5
20220927-223319,  0.3, -1.0, 37.247097, 101.393937,   95.0,  0.5, -1.5
20220927-223319,  0.3, -1.0, 37.247097, 101.393937,   95.1,  0.5, -1.6
20220927-223319,  0.3, -1.1, 37.247097, 101.393936,   95.0,  0.5, -1.6
20220927-223319,  0.4, -1.1, 37.247097, 101.393936,   94.8,  0.5, -1.6
20220927-223319,  0.4, -1.1, 37.247098, 101.393936,   95.0,  0.5, -1.6
20220927-223319,  0.4, -1.2, 37.247098, 101.393936,   94.9,  0.5, -1.6
20220927-223319,  0.4, -1.2, 37.247098, 101.393935,   94.9,  0.5, -1.6
20220927-223319,  0.4, -1.2, 37.247098, 101.393935,   94.7,  0.5, -1.6
20220927-223319,  0.4, -1.3, 37.247098, 101.393935,   94.8,  0.5, -1.6
20220927-223319,  0.4, -1.3, 37.247098, 101.393934,   95.1,  0.5, -1.6
20220927-223319,  0.4, -1.3, 37.247098, 101.393934,   95.3,  0.5, -1.6
20220927-223319,  0.4, -1.4, 37.247098, 101.393934,   95.4,  0.4, -1.6
20220927-223319,  0.4, -1.4, 37.247098, 101.393934,   95.5,  0.4, -1.6
20220927-223319,  0.4, -1.4, 37.247098, 101.393933,   95.5,  0.5, -1.6
20220927-223319,  0.4, -1.4, 37.247098, 101.393933,   95.4,  0.5, -1.6
20220927-223319,  0.0,  0.0, 37.247094, 101.393946,   95.2,  0.1, -0.4
20220927-223319,  0.0, -0.0, 37.247094, 101.393946,   94.8,  0.1, -0.4
20220927-223319,  0.0, -0.0, 37.247094, 101.393946,   94.8,  0.1, -0.4
20220927-223319,  0.0, -0.0, 37.247094, 101.393946,   94.6,  0.1, -0.4
20220927-223319,  0.0, -0.0, 37.247094, 101.393946,   94.4,  0.1, -0.4
20220927-223319,  0.0, -0.0, 37.247094, 101.393946,   94.5,  0.1, -0.4
20220927-223319,  0.0, -0.0, 37.247094, 101.393946,   94.9,  0.1, -0.4
20220927-223319,  0.0, -0.1, 37.247094, 101.393946,   94.8,  0.1, -0.4
20220927-223319,  0.0, -0.1, 37.247094, 101.393945,   94.7,  0.1, -0.4
20220927-223319,  0.0, -0.1, 37.247094, 101.393945,   94.6,  0.1, -0.4
20220927-223319,  0.0, -0.1, 37.247094, 101.393945,   94.4,  0.1, -0.4
20220927-223319,  0.0, -0.1, 37.247094, 101.393945,   94.4,  0.1, -0.4
20220927-223319,  0.0, -0.1, 37.247094, 101.393945,   94.9,  0.1, -0.4
20220927-223319,  0.0, -0.1, 37.247095, 101.393945,   95.2,  0.1, -0.5
20220927-223319,  0.0, -0.1, 37.247095, 101.393945,   95.1,  0.1, -0.5
20220927-223319,  0.0, -0.1, 37.247095, 101.393945,   94.8,  0.1, -0.5
20220927-223319,  0.0, -0.1, 37.247095, 101.393945,   94.7,  0.1, -0.5
20220927-223319,  0.0, -0.1, 37.247095, 101.393945,   94.8,  0.1, -0.5
20220927-223319,  0.0, -0.2, 37.247095, 101.393945,   95.4,  0.1, -0.5
20220927-223319,  0.0, -0.2, 37.247095, 101.393945,   95.1,  0.1, -0.5
20220927-223319,  0.0, -0.2, 37.247095, 101.393944,   95.0,  0.1, -0.5
20220927-223319,  0.0, -0.2, 37.247095, 101.393944,   94.7,  0.1, -0.5
20220927-223319,  0.0, -0.2, 37.247095, 101.393944,   94.5,  0.1, -0.5
20220927-223319,  0.0, -0.2, 37.247095, 101.393944,   94.4,  0.1, -0.5
20220927-223319,  0.0, -0.2, 37.247095, 101.393944,   94.3,  0.1, -0.5
20220927-223319,  0.0, -0.2, 37.247095, 101.393944,   94.1,  0.1, -0.5
20220927-223319,  0.0, -0.2, 37.247095, 101.393944,   94.2,  0.1, -0.5
20220927-223319,  0.0, -0.2, 37.247095, 101.393944,   94.2,  0.1, -0.5
20220927-223319,  0.0, -0.2, 37.247095, 101.393944,   94.5,  0.1, -0.5
20220927-223319,  0.0, -0.3, 37.247095, 101.393944,   94.4,  0.1, -0.5
20220927-223319,  0.1, -0.3, 37.247095, 101.393944,   95.0,  0.1, -0.5
20220927-223319,  0.1, -0.3, 37.247095, 101.393943,   95.5,  0.1, -0.6
20220927-223320,  0.1, -0.3, 37.247095, 101.393943,   95.3,  0.1, -0.6
20220927-223320,  0.1, -0.3, 37.247095, 101.393943,   95.4,  0.1, -0.6
20220927-223320,  0.1, -0.3, 37.247095, 101.393943,   95.5,  0.1, -0.6
20220927-223320,  0.1, -0.3, 37.247095, 101.393943,   95.5,  0.1, -0.6
20220927-223320,  0.1, -0.3, 37.247095, 101.393943,   95.4,  0.1, -0.6
20220927-223320,  0.1, -0.3, 37.247095, 101.393943,   94.9,  0.1, -0.6
20220927-223320,  0.1, -0.4, 37.247095, 101.393943,   95.0,  0.1, -0.6
20220927-223320,  0.1, -0.4, 37.247095, 101.393943,   95.1,  0.1, -0.6
20220927-223320,  0.1, -0.4, 37.247095, 101.393943,   95.1,  0.1, -0.6
20220927-223320,  0.1, -0.4, 37.247095, 101.393942,   95.0,  0.1, -0.6
20220927-223320,  0.1, -0.4, 37.247095, 101.393942,   95.1,  0.1, -0.6
20220927-223320,  0.1, -0.4, 37.247095, 101.393942,   95.4,  0.1, -0.6
20220927-223320,  0.1, -0.4, 37.247095, 101.393942,   95.2,  0.1, -0.6
20220927-223320,  0.1, -0.4, 37.247095, 101.393942,   95.1,  0.1, -0.6
20220927-223320,  0.1, -0.5, 37.247095, 101.393942,   94.8,  0.1, -0.6
20220927-223320,  0.1, -0.5, 37.247095, 101.393942,   94.7,  0.1, -0.6
20220927-223320,  0.1, -0.5, 37.247095, 101.393942,   94.7,  0.1, -0.7
20220927-223320,  0.1, -0.5, 37.247095, 101.393942,   94.6,  0.1, -0.7
20220927-223320,  0.1, -0.5, 37.247095, 101.393942,   94.9,  0.1, -0.7
20220927-223320,  0.1, -0.5, 37.247095, 101.393941,   94.9,  0.1, -0.7
20220927-223320,  0.1, -0.5, 37.247095, 101.393941,   94.9,  0.1, -0.7
20220927-223320,  0.0,  0.0, 37.247094, 101.393946,   95.1,  0.0, -0.2
20220927-223320,  0.0, -0.0, 37.247094, 101.393946,   95.2,  0.0, -0.2
20220927-223320,  0.0, -0.0, 37.247094, 101.393946,   95.3,  0.0, -0.2
20220927-223320,  0.0, -0.0, 37.247094, 101.393946,   95.3,  0.0, -0.2
20220927-223320,  0.0, -0.0, 37.247094, 101.393946,   95.2,  0.0, -0.2
20220927-223320,  0.0, -0.0, 37.247094, 101.393946,   95.0,  0.0, -0.2
20220927-223320,  0.0, -0.0, 37.247094, 101.393946,   94.7,  0.0, -0.2
20220927-223320,  0.0, -0.0, 37.247094, 101.393946,   94.9,  0.0, -0.2
20220927-223320,  0.0, -0.0, 37.247094, 101.393946,   94.8,  0.0, -0.2
20220927-223320,  0.0, -0.0, 37.247094, 101.393946,   94.8,  0.0, -0.2
20220927-223320,  0.0, -0.0, 37.247094, 101.393946,   95.0,  0.0, -0.2
20220927-223320,  0.0, -0.0, 37.247094, 101.393946,   95.1,  0.0, -0.2
20220927-223320,  0.0, -0.0, 37.247094, 101.393946,   95.0,  0.0, -0.2
20220927-223320,  0.0, -0.0, 37.247094, 101.393946,   94.8,  0.0, -0.2
20220927-223320,  0.0, -0.1, 37.247094, 101.393946,   94.9,  0.0, -0.2
20220927-223320,  0.0, -0.1, 37.247094, 101.393945,   95.1,  0.0, -0.3
20220927-223320,  0.0, -0.1, 37.247094, 101.393945,   95.2,  0.0, -0.3
20220927-223320,  0.0, -0.1, 37.247094, 101.393945,   95.3,  0.0, -0.3
20220927-223320,  0.0, -0.1, 37.247094, 101.393945,   94.9,  0.0, -0.3
20220927-223320,  0.0, -0.1, 37.247094, 101.393945,   95.1,  0.0, -0.3
20220927-223320,  0.0, -0.1, 37.247094, 101.393945,   95.5,  0.0, -0.3
20220927-223320,  0.0, -0.1, 37.247094, 101.393945,   95.6,  0.0, -0.3
20220927-223320,  0.0, -0.1, 37.247094, 101.393945,   95.2,  0.0, -0.3
20220927-223320,  0.0, -0.1, 37.247094, 101.393945,   95.0,  0.0, -0.3
20220927-223320,  0.0, -0.1, 37.247094, 101.393945,   94.9,  0.0, -0.3
20220927-223320,  0.0, -0.1, 37.247094, 101.393945,   94.9,  0.0, -0.3
20220927-223320,  0.0, -0.1, 37.247094, 101.393945,   95.0,  0.0, -0.3
20220927-223320,  0.0, -0.1, 37.247094, 101.393945,   95.7,  0.0, -0.3
20220927-223320,  0.0, -0.1, 37.247094, 101.393945,   95.6,  0.0, -0.3
20220927-223320,  0.0, -0.1, 37.247094, 101.393945,   95.5,  0.0, -0.3
20220927-223320,  0.0, -0.1, 37.247094, 101.393945,   95.5,  0.0, -0.3
20220927-223320,  0.0, -0.1, 37.247094, 101.393945,   95.2,  0.0, -0.3
20220927-223320,  0.0, -0.1, 37.247094, 101.393945,   95.0,  0.0, -0.3
20220927-223320,  0.0, -0.2, 37.247094, 101.393945,   94.9,  0.0, -0.4
20220927-223321,  0.0, -0.2, 37.247094, 101.393945,   94.3,  0.0, -0.4
20220927-223321,  0.0, -0.2, 37.247094, 101.393945,   94.1,  0.0, -0.4
20220927-223321,  0.0, -0.2, 37.247094, 101.393944,   94.0,  0.0, -0.4
20220927-223321,  0.0, -0.2, 37.247094, 101.393944,   94.0,  0.0, -0.4
20220927-223321,  0.0, -0.2, 37.247094, 101.393944,   93.7,  0.0, -0.4
20220927-223321,  0.0, -0.2, 37.247094, 101.393944,   94.5,  0.0, -0.4
20220927-223321,  0.0, -0.2, 37.247094, 101.393944,   94.4,  0.0, -0.4
20220927-223321,  0.0, -0.2, 37.247094, 101.393944,   94.6,  0.0, -0.4
20220927-223321,  0.0, -0.2, 37.247094, 101.393944,   94.7,  0.0, -0.4
20220927-223321,  0.0, -0.2, 37.247094, 101.393944,   95.0,  0.0, -0.4
20220927-223321,  0.0, -0.2, 37.247094, 101.393944,   95.1,  0.0, -0.4
20220927-223321,  0.0, -0.2, 37.247094, 101.393944,   95.3,  0.0, -0.4
20220927-223321,  0.0, -0.2, 37.247094, 101.393944,   95.5,  0.0, -0.4
20220927-223321,  0.0, -0.3, 37.247094, 101.393944,   95.4,  0.0, -0.4
20220927-223321,  0.0, -0.3, 37.247094, 101.393944,   94.9,  0.0, -0.4
20220927-223321,  0.0, -0.3, 37.247094, 101.393944,   95.1,  0.0, -0.4
20220927-223321,  0.0, -0.3, 37.247094, 101.393944,   95.5,  0.0, -0.4
20220927-223321,  0.0, -0.3, 37.247094, 101.393943,   95.5,  0.0, -0.5
20220927-223321,  0.0, -0.3, 37.247094, 101.393943,   95.6,  0.0, -0.5
20220927-223321,  0.0, -0.3, 37.247094, 101.393943,   95.7,  0.0, -0.5
20220927-223321,  0.0,  0.0, 37.247094, 101.393946,   95.3, -0.0, -0.1
20220927-223321, -0.0, -0.0, 37.247094, 101.393946,   95.1, -0.0, -0.1
20220927-223321, -0.0, -0.0, 37.247094, 101.393946,   95.6, -0.0, -0.1
20220927-223321, -0.0, -0.0, 37.247094, 101.393946,   95.2, -0.0, -0.2
20220927-223321, -0.0, -0.0, 37.247094, 101.393946,   95.5, -0.0, -0.2
20220927-223321, -0.0, -0.0, 37.247094, 101.393946,   95.2,  0.0, -0.2
20220927-223321, -0.0, -0.0, 37.247094, 101.393946,   94.9, -0.0, -0.2
20220927-223321, -0.0, -0.0, 37.247094, 101.393946,   95.2, -0.0, -0.2
20220927-223321, -0.0, -0.0, 37.247094, 101.393946,   95.4, -0.0, -0.2
20220927-223321, -0.0, -0.0, 37.247094, 101.393946,   95.6, -0.0, -0.2
20220927-223321, -0.0, -0.0, 37.247094, 101.393946,   95.8, -0.0, -0.2
20220927-223321, -0.0, -0.0, 37.247094, 101.393946,   95.1, -0.0, -0.2
20220927-223321, -0.0, -0.0, 37.247094, 101.393946,   95.0, -0.0, -0.2
20220927-223321, -0.0, -0.0, 37.247094, 101.393946,   94.9, -0.0, -0.2
20220927-223321, -0.0, -0.0, 37.247094, 101.393946,   95.1, -0.0, -0.2
20220927-223321, -0.0, -0.0, 37.247094, 101.393946,   95.0, -0.0, -0.2
20220927-223321, -0.0, -0.1, 37.247094, 101.393946,   95.1, -0.0, -0.2
20220927-223321, -0.0, -0.1, 37.247094, 101.393945,   95.2, -0.0, -0.2
20220927-223321, -0.0, -0.1, 37.247094, 101.393945,   95.2, -0.0, -0.2
20220927-223321, -0.0, -0.1, 37.247094, 101.393945,   94.8, -0.0, -0.2
20220927-223321, -0.0, -0.1, 37.247094, 101.393945,   94.8, -0.0, -0.2
20220927-223321, -0.0, -0.1, 37.247094, 101.393945,   94.6, -0.0, -0.2
20220927-223321, -0.0, -0.1, 37.247094, 101.393945,   94.3, -0.0, -0.3
20220927-223321, -0.0, -0.1, 37.247094, 101.393945,   94.6, -0.0, -0.3
20220927-223321, -0.0, -0.1, 37.247094, 101.393945,   94.5, -0.0, -0.3
20220927-223321, -0.0, -0.1, 37.247094, 101.393945,   94.9, -0.0, -0.3
20220927-223321, -0.0, -0.1, 37.247094, 101.393945,   94.6, -0.0, -0.3
20220927-223321, -0.0, -0.1, 37.247094, 101.393945,   94.3, -0.0, -0.3
20220927-223321, -0.0, -0.1, 37.247094, 101.393945,   94.2, -0.0, -0.3
20220927-223321, -0.0, -0.1, 37.247094, 101.393945,   94.0, -0.0, -0.3
20220927-223321, -0.0, -0.1, 37.247094, 101.393945,   94.0, -0.0, -0.3
20220927-223321, -0.0, -0.1, 37.247094, 101.393945,   94.3, -0.0, -0.3
20220927-223321, -0.0, -0.1, 37.247094, 101.393945,   94.2, -0.0, -0.3
20220927-223321, -0.0, -0.1, 37.247094, 101.393945,   94.5, -0.0, -0.3
20220927-223322, -0.0, -0.1, 37.247094, 101.393945,   94.3, -0.0, -0.3
20220927-223322, -0.0, -0.1, 37.247094, 101.393945,   94.4, -0.0, -0.3
20220927-223322, -0.0, -0.2, 37.247094, 101.393945,   94.6, -0.0, -0.3
20220927-223322, -0.0, -0.2, 37.247094, 101.393945,   94.7, -0.0, -0.3
20220927-223322, -0.0, -0.2, 37.247094, 101.393945,   94.9, -0.0, -0.3
20220927-223322, -0.0, -0.2, 37.247094, 101.393944,   95.1, -0.0, -0.4
20220927-223322, -0.0, -0.2, 37.247094, 101.393944,   95.0, -0.0, -0.4
20220927-223322, -0.0, -0.2, 37.247094, 101.393944,   94.7, -0.0, -0.4
20220927-223322, -0.0, -0.2, 37.247094, 101.393944,   95.1, -0.0, -0.4
20220927-223322, -0.0, -0.2, 37.247094, 101.393944,   94.9, -0.0, -0.4
20220927-223322, -0.0, -0.2, 37.247094, 101.393944,   95.6, -0.0, -0.4
20220927-223322, -0.0, -0.2, 37.247094, 101.393944,   95.3, -0.0, -0.4
